Y
0111000000001111
0011100000001110
0011100000011100
0001110000011100
0000111000110000
0000111001110000
0000011101100000
0000001111100000
0000001111000000
0000000110000000
0000000110000000
0000000110000000
0000000110000000
0000000110000000
0000000110000000
0000000110000000
E
0001111111111100
0001111111111100
0001111111111100
0001100000000000
0001100000000000
0001100000000000
0001100000000000
0001111111111100
0001111111111100
0001100000000000
0001100000000000
0001100000000000
0001100000000000
0001100000000000
0001111111111100
0001111111111100
R
0111111111100000
0111111111111000
0111111111111100
0111000000011100
0111000000011100
0111000000011100
0111000000111100
0111111111111000
0111111111110000
0111000011100000
0111000011110000
0111000001110000
0111000000111000
0111000000011100
0111000000011100
0111000000001110
D
0111111111100000
0111111111110000
0111111111111000
0111000000011100
0111000000001110
0111000000001110
0111000000001110
0111000000001110
0111000000001110
0111000000001110
0111000000001110
0111000000001100
0111000000011100
0111000000111100
0111111111110000
0111111111110000
N
0011100000001110
0011110000001110
0011110000001110
0011111000001110
0011111100001110
0011111100001110
0011101110001110
0011101110001110
0011100011101110
0011100011101110
0011100001111110
0011100001111110
0011100000111110
0011100000011110
0011100000011110
0011100000001110
H
0011000000001100
0011000000001100
0011000000001100
0011000000001100
0011000000001100
0011000000001100
0011111111111100
0011111111111100
0011111111111100
0011000000001100
0011000000001100
0011000000001100
0011000000001100
0011000000001100
0011000000001100
0011000000001100
G
0000000111000000
0000111111111000
0001111000111100
0011110000011100
0011100000001100
0111000000000000
0111000000000000
0111000000000000
0111000011111110
0111000011111110
0111000000000110
0011000000000110
0011100000000110
0001111000111110
0000111111111000
0000011111110000
V
0111000000000111
0111000000001110
0111000000001110
0011000000001100
0001100000011100
0001100000011100
0001110000011000
0001110000011000
0000110000110000
0000111001110000
0000111001110000
0000011101100000
0000001111100000
0000001111100000
0000001111000000
0000001111000000
V
0011000000001100
0011100000011100
0001100000011100
0001110000011000
0001110000110000
0000110000110000
0000111000110000
0000111001100000
0000011001100000
0000001101100000
0000001111000000
0000001111000000
0000000111000000
0000000110000000
0000000000000000
0000000000000000
S
0000000011000000
0000011111111000
0000111000111000
0000110000011100
0001110000001100
0000110000000000
0000111110000000
0000111111100000
0000001111111000
0000000000111100
0001100000001100
0011100000001100
0001100000001100
0000111000111100
0000011111111000
0000011111110000
S
0000000010000000
0000111111110000
0001111111111000
0001100000011100
0001000000011100
0001100000001100
0001110000000000
0001111100000000
0000111111110000
0000000011111100
0000000000111100
0001000000001100
0011000000001100
0011000000001100
0001110000011100
0001111111111000
L
0001110000000000
0001110000000000
0001110000000000
0001110000000000
0001110000000000
0001110000000000
0001110000000000
0001110000000000
0001110000000000
0001110000000000
0001110000000000
0001110000000000
0001110000000000
0001110000000000
0001111111111100
0001111111111100
U
0011000000001100
0011000000001100
0011000000001100
0011000000001100
0011000000001100
0011000000001100
0011000000001100
0011000000001100
0011000000001100
0011000000001100
0011000000001100
0011000000001100
0011100000011100
0001100000011100
0001111111111000
0000111111110000
A
0000001110000000
0000001111000000
0000011111000000
0000011011100000
0000011011100000
0000111001100000
0000111001110000
0001110001110000
0001110000111000
0001100000111000
0001111111111000
0011111111111100
0011111111111100
0111000000011110
0111000000001110
0110000000000110
B
0011111111100000
0011111111111000
0011111111111000
0011100000011100
0011100000011100
0011100000011100
0011100001111000
0011111111110000
0011111111111000
0011100000011100
0011100000011100
0011100000001100
0011100000001100
0011100000011100
0011111111111100
0011111111111000
P
0011111111100000
0011111111111000
0011111111111100
0011000000011100
0011000000001100
0011000000001100
0011000000011100
0011000000011100
0011111111111000
0011111111100000
0011000000000000
0011000000000000
0011000000000000
0011000000000000
0011000000000000
0011000000000000
I
0000000110000000
0000000110000000
0000000110000000
0000000110000000
0000000110000000
0000000110000000
0000000110000000
0000000110000000
0000000110000000
0000000110000000
0000000110000000
0000000110000000
0000000110000000
0000000110000000
0000000110000000
0000000110000000
K
0111000000011100
0111000000111000
0111000001110000
0111000011100000
0111000111000000
0111001110000000
0111011100000000
0111111110000000
0111111110000000
0111100011100000
0111000011100000
0111000001110000
0111000001110000
0111000000111000
0111000000011100
0111000000011100
W
1000000110000011
1000001110000011
1100001111000011
1100001111000011
1100011011000110
1100011011000110
1100011001100110
0110111001101110
0110110001101110
0110110001101100
0111110000111100
0011110000111100
0011100000111000
0011100000111000
0000000000000000
0000000000000000
W
0000000000000000
1110000011000000
0110000011100000
0110000011100000
0110000110100001
0110000110100001
0011000100110001
0011000100110001
0011001100010001
0001001100010011
0001001000011011
0001101000011010
0001101000001110
0000111000001110
0000110000001110
0000000000000000
T
0111111111111111
0111111111111111
0000001110000000
0000001110000000
0000001110000000
0000001110000000
0000001110000000
0000001110000000
0000001110000000
0000001110000000
0000001110000000
0000001110000000
0000001110000000
0000001110000000
0000001110000000
0000001110000000
O
0000000110000000
0000111111110000
0001111000111000
0011110000011100
0011100000001100
0111000000000110
0111000000000110
0111000000000111
0111000000000111
0111000000000110
0111000000000110
0111000000001110
0011100000001100
0001110000111100
0000111111111000
0000011111110000
O
0000000000000000
0001111111110000
0001111111110000
0111000000011100
0110000000001100
0110000000001100
1110000000001110
1110000000001110
1110000000001110
1100000000001110
1110000000001110
1110000000001110
0110000000001100
0110000000011100
0011100000111000
0001111111110000
O
0000000010000000
0000111111110000
0001111111111000
0011100000011100
0111000000001110
0111000000001110
0110000000000111
0110000000000111
0110000000000111
0110000000000111
0110000000000111
0110000000000111
0111000000001110
0011000000001110
0001110000011100
0001111101111000
M
1111000000001111
1111000000001111
1111000000001111
1111100000011111
1111110000011111
1111110000011111
1110110000010111
1110110000110111
1110111000110111
1110011001100111
1110011101100111
1110001101100111
1110001111100111
1110001111000111
1110001111000111
1110000110000111
F
0001111111111100
0001111111111100
0001111111111000
0001100000000000
0001100000000000
0001100000000000
0001100000000000
0001111111110000
0001111111110000
0001100000000000
0001100000000000
0001100000000000
0001100000000000
0001100000000000
0001100000000000
0001100000000000
Z
0111111111110000
0111111111110000
0000000001110000
0000000011100000
0000000111000000
0000001110000000
0000011100000000
0000011100000000
0000111000000000
0001110000000000
0011100000000000
0011100000000000
0111000000000000
1111111111110000
1111111111110000
0000000000000000
Z
0001111111111100
0001111111111100
0000000000111100
0000000000111000
0000000001110000
0000000001100000
0000000011100000
0000000011000000
0000001110000000
0000001100000000
0000011100000000
0000111000000000
0001110000000000
0001100000000000
0011111111111100
0011111111111100
C
0000000011000000
0000011111111000
0000111000111100
0001110000011100
0011100000001100
0011000000000000
0011000000000000
0011000000000000
0011000000000000
0011000000000000
0011000000001100
0011100000001110
0011100000001100
0001111000111100
0000111111111000
0000011111110000
C
0000000000000000
0000111111110000
0001111111111000
0011100000011100
0111000000001100
0111000000001100
0110000000000000
0110000000000000
0110000000000000
0110000000000000
0110000000000000
0110000000001100
0111000000001100
0011000000011100
0001110000111000
0001111111111000
J
0000000111000000
0000000111000000
0000000111000000
0000000111000000
0000000111000000
0000000111000000
0000000111000000
0000000111000000
0000000111000000
0000000111000000
0111000111000000
0111000111000000
0111000110000000
0011111110000000
0011111100000000
0000111000000000
J
0000000000111000
0000000000111000
0000000000111000
0000000000111000
0000000000111000
0000000000111000
0000000000111000
0000000000111000
0000000000111000
0000000000111000
0000000000111000
0000110000111000
0000110000110000
0000110000110000
0000111111110000
0000111111110000
X
0111000000001110
0001110000011100
0001110000011100
0000111000111000
0000111101110000
0000011101100000
0000001111100000
0000001111000000
0000001111000000
0000001111100000
0000011111100000
0000111001110000
0001110000111000
0001110000011100
0011100000011100
0111000000001110
X
0111000000111000
0011100000111000
0011100001110000
0001110001110000
0000110011000000
0000111111000000
0000011110000000
0000011110000000
0000011110000000
0000111111000000
0001110011100000
0001110011100000
0011100001110000
0111000000111000
1110000000011100
0000000000000000
Qu
0000000000000000
0011000000000000
1111111000000000
1100111100000000
1000001110000000
0000000110000000
0000000110110001
0000000110110001
0000000110110001
0000000110110001
0000000110110001
0001110110110001
1101111100011111
1111111100001110
0111111111000000
0000000010000000